3rd1st1st
(76 77 79 77 74 76 83 72 74 72 74 72 79 72 74 76 81 77 79 83 81 76 77 79 81 74 76 83 81 79 77 79 76 67 65 62 60 60 62 60 65 67 48 50 50 48 48 50 48 50 48)

All costs : 
{0, 7, 18, 14, 36, 74, 17, 20, 8, <not assigned>, <not assigned>, 0, 0, 2}

4th1st1st
72 72 76 76 81 81 74 74 76 76 83 83 79 79 77 72 60 65 62 60 64 62 69 69 64 48 50 50 48 48 50 48 50 48

2nd1st1st_1
76 72 74 77 83 81 84 81 76 72 81 74 79 72 77 81 76 67 65 62 60 60 62 69 71 67 48 50 50 48 48 50 48 50 48
2nd1st1st_4
76 81 74 86 83 86 79 88 81 88 86 89 81 79 89 86 79 67 65 62 60 64 69 69 69 64 48 50 50 48 48 50 48 50 48

1st1st1st comaprison
(67 66 68 69 72 77 79 77 79 63 69 65 69 76 68 64 69 64 48 50 49 48 48 49 48 50 48
